9ac08ac25fa15319c7fc28776e548629eaccc441	2	0.0	1	33.0	0	5000	33.0	珠江骏景中区	四方景园2区	1#0#-9	1#4#-8	6	28	0	1	1	1	0	1	0.03	1.0	25	1			0	0	6
bf4508947ecd774ab49c5c1ffcd8655ea0f5cf2d	4	0.0	483	160.0	10	20000	130.0	金东晨钢结构工程	中大国际商业中心	483#2#7	483#-5#-6	0	5	7	0	0	0	0	0	0.0	0.0	19	1			0	0	6
30fab6b0bc92167e329146fb73f11a63f834a1a5	2	0.0	845	32.8	0	6000	32.8	广西壮族自治区展览馆-东展区	广西路桥公司江南生活区	845#3#2	845#2#-1	1	5	16	0	0	0	0	0	0.0	0.0	31	1			0	0	6
6372a1b8c3f0e325d2f6011a39197fae7af0fda3	4	0.0	3	60.0	0	15000	60.0	广州市明德创业园	海河国际水产	3#-5#5	3#-7#-7	5	31	0	2	2	1	2	1	0.03	1.0	39	1			0	0	6
7c32f8d5205780d876a2d73f385d5cb3f3897d21	9	0.0	222	111.0	0	22000	81.0	德宝写字楼	弘盛泰服饰有限公司	222#4#9	222#-8#-1	7	18	22	0	0	0	0	0	0.0	0.0	17	1			0	0	6
d5ac8b24b56bba008057b4b8a26fd4579d35edf7	8	0.0	158	66.0	0	17000	66.0	硚口区地方税务局第一税务所	舵落口大市场	158#-4#-1	158#-13#4	2	13	37	0	0	0	0	0	0.0	0.0	14	1			0	0	6
946d58c055009442e00f6a4821a0d4a5134c3390	0	0.0	202	48.0	10	3000	48.0	义飞牌匾广告装饰	同心大厦	202#4#-5	202#4#-3	1	1	6	0	0	0	0	0	0.0	0.0	24	0			0	1	7
0b4c62d284a9fd7659d992bf92b7b3862a3a3982	1	0.0	4	66.0	10	9000	66.0	深圳柏林建材有限公司	深圳保利文化广场	4#-11#2	4#-7#-3	1	4	10	0	0	0	0	0	0.0	0.0	17	0			0	0	6
8963d88eab299170db447a18dcf8ac3d8978f457	9	0.0	158	75.0	0	20000	75.0	吉人工业园	名品烟酒	158#-17#5	158#-4#3	9	27	66	0	0	0	0	0	0.0	0.0	15	1			0	0	6
0bab80a694790f003e80af94c4cfc2632fa8a073	0	0.0	3	36.0	0	7000	36.0	田心商厦	兴发广场2期	3#-5#5	3#-4#5	3	19	0	4	3	2	2	3	0.08	0.75	19	0			0	0	6
